#Zeit y_6
0, 0,
0, 0,
0,001 3,8077961755075e-10
1, 0,00037771284865393
2, 0,0014987085863686
3, 0,0033450763159142
4, 0,0058993024315923
5, 0,0091442618715589
6, 0,013063209562676
7, 0,017639772053604
8, 0,022857939331984
9, 0,028702056821674
10, 0,03515681755607
11, 0,042207254523628
12, 0,049838733181822
13, 0,058036944135807
14, 0,066787895978181
15, 0,076077908286295
16, 0,08589360477364
17, 0,096221906591932
18, 0,10705002578057
19, 0,11836545886022
20, 0,1301559805674
21, 0,14240963772685
22, 0,15511474325881
23, 0,16825987031813
24, 0,18183384656231
25, 0,19582574854573
26, 0,21022489623713
27, 0,22502084765786
28, 0,24020339363797
29, 0,25576255268777
30, 0,27168856598224
31, 0,28797189245573
32, 0,30460320400469
33, 0,32157338079587
34, 0,33887350667785
35, 0,35649486469344
36, 0,3744289326909
37, 0,39266737903171
38, 0,41120205839276
39, 0,43002500766094
40, 0,44912844191808
41, 0,4685047505142
42, 0,48814649322718
43, 0,50804639650698
44, 0,5281973498024
45, 0,54859240196881
46, 0,5692247577548
47, 0,5900877743662
48, 0,61117495810573
49, 0,63247996108654
50, 0,6539965780181
51, 0,67571874306283
52, 0,69764052676186
53, 0,71975613302849
54, 0,74205989620775
55, 0,76454627820074
56, 0,78720986565218
57, 0,8100453671999
58, 0,83304761078482
59, 0,85621154102017
60, 0,87953221661856
61, 0,90300480787568
62, 0,9266245942094
63, 0,95038696175301
64, 0,97428740100141
65, 0,9983215045091
66, 1,0224849646389
67, 1,04677357136
68, 1,0711832100948
69, 1,095709859613
70, 1,1203495899717
71, 1,1450985605012
72, 1,1699530178356
73, 1,1949092939852
74, 1,2199638044533
75, 1,2451130463927
76, 1,270353596804
77, 1,2956821107729
78, 1,3210953197464
79, 1,3465900298474
80, 1,3721631202254
81, 1,3978115414446
82, 1,4235323139067
83, 1,4493225263089
84, 1,4751793341356
85, 1,5010999581829
86, 1,5270816831169
87, 1,5531218560618
88, 1,5792178852208
89, 1,6053672385265
90, 1,6315674423211
91, 1,6578160800658
92, 1,6841107910782
93, 1,7104492692983
94, 1,736829262081
95, 1,7632485690152
96, 1,7897050407691
97, 1,816196577961
98, 1,8427211300546
99, 1,869276694279
100, 1,8958613145724
101, 1,9224730805487
102, 1,9491101264871
103, 1,9757706303443
104, 2,0024528127876
105, 2,0291549362502
106, 2,0558753040067
107, 2,082612259269
108, 2,1093641843024
109, 2,136129499561
110, 2,1629066628418
111, 2,1896941684583
112, 2,2164905464312
113, 2,2432943616977
114, 2,2701042133378
115, 2,2969187338181
116, 2,3237365882515
117, 2,3505564736742
118, 2,3773771183374
119, 2,4041972810157
120, 2,43101575033
121, 2,4578313440861
122, 2,4846429086265
123, 2,5114493181981
124, 2,5382494743326
125, 2,5650423052412
126, 2,5918267652223
127, 2,6186018340822
128, 2,6453665165691
129, 2,672119841819
130, 2,6988608628136
131, 2,7255886558511
132, 2,7523023200279
133, 2,7790009767314
134, 2,8056837691453
135, 2,8323498617642
136, 2,8589984399198
137, 2,8856287093179
138, 2,9122398955842
139, 2,9388312438217
140, 2,9654020181768
141, 2,9919515014151
142, 3,0184789945072
143, 3,0449838162226
144, 3,0714653027337
145, 3,0979228072272
146, 3,1243556995253
147, 3,1507633657147
148, 3,1771452077832
149, 3,2035006432658
150, 3,229829104897
151, 3,2561300402715
152, 3,2824029115127
153, 3,308647194948
154, 3,3348623807911
155, 3,3610479728317
156, 3,3872034881323
157, 3,4133284567307
158, 3,4394224213501
159, 3,465484937115
160, 3,4915155712735
161, 3,5175139029256
162, 3,5434795227578
163, 3,5694120327835
164, 3,5953110460884
164,18118757907 3,6000000117534
164,18118757907 3,6000000117534
164,18218757907 3,6000258873507
165, 3,6209225763632
166, 3,645765816065
167, 3,6698458747885
168, 3,6931799924156
169, 3,7157850285982
170, 3,7376774711253
171, 3,7588734441066
172, 3,7793887159757
173, 3,7992387073176
174, 3,8184384985234
175, 3,8370028372771
176, 3,8549461458775
177, 3,872282528399
178, 3,8890257776949
179, 3,9051893822464
180, 3,920786532861
181, 3,9358301292241
182, 3,9503327863053
183, 3,9643068406249
184, 3,9777643563816
185, 3,9907171314461
186, 4,0031767032227
187, 4,015154354381
188, 4,0266611184632
189, 4,0377077853664
190, 4,0483049067053
191, 4,0584628010565
192, 4,0681915590872
193, 4,0775010485719
194, 4,0864009192976
195, 4,0949006078622
196, 4,1030093423661
197, 4,110736147002
198, 4,1180898465421
199, 4,1250790707283
200, 4,1317122585642
201, 4,1379976625139
202, 4,1439433526077
203, 4,1495572204577
204, 4,1548469831849
205, 4,1598201872604
206, 4,1644842122614
207, 4,1688462745449
208, 4,1729134308405
209, 4,1766925817645
210, 4,1801904752559
211, 4,1834137099377
212, 4,1863687384035
213, 4,1890618704323
214, 4,1914992761323
215, 4,1936869890156
216, 4,1956309090052
217, 4,1973368053758
218, 4,1988103196304
219, 4,2000569683126
220, 4,2010821457581
221, 4,2018911267847
222, 4,2024890693241
223, 4,202881016995
224, 4,2030719016196
225, 4,2030665456856
226, 4,2028696647528
227, 4,2024858698079
228, 4,2019196695665
229, 4,2011754727252
230, 4,2002575901637
231, 4,1991702370988
232, 4,1979175351904
233, 4,196503514602
234, 4,1949321160152
235, 4,1932071926002
236, 4,1913325119428
237, 4,189311757929
238, 4,1871485325882
239, 4,184846357896
240, 4,1824086775367
241, 4,1798388586281
242, 4,1771401934073
243, 4,1743159008798
244, 4,1713691284327
245, 4,1683029534117
246, 4,1651203846638
247, 4,1618243640462
248, 4,1584177679017
249, 4,1549034085016
250, 4,1512840354572
251, 4,1475623371
252, 4,1437409418312
253, 4,1398224194427
254, 4,1358092824071
255, 4,1317039871414
256, 4,1275089352413
257, 4,1232264746892
258, 4,1188589010354
259, 4,114408458553
260, 4,1098773413681
261, 4,1052676945642
262, 4,1005816152632
263, 4,0958211536821
264, 4,0909883141664
265, 4,0860850562011
266, 4,0811132953991
267, 4,0760749044683
268, 4,0709717141568
269, 4,0658055141778
270, 4,0605780541141
271, 4,0552910443024
272, 4,0499461566983
273, 4,0445450257226
274, 4,0390892490883
275, 4,0335803886099
276, 4,028019970995
277, 4,0224094886178
278, 4,0167504002764
279, 4,0110441319328
280, 4,0052920774371
281, 3,9994955992352
282, 3,9936560290617
283, 3,9877746686168
284, 3,9818527902287
285, 3,9758916375013
286, 3,969892425948
287, 3,9638563436105
288, 3,9577845516657
289, 3,9516781850174
290, 3,9455383528765
291, 3,9393661393271
292, 3,9331626038817
293, 3,9269287820224
294, 3,9206656857317
295, 3,9143743040108
296, 3,9080556033867
297, 3,901710528408
298, 3,8953400021305
299, 3,8889449265906
300, 3,8825261832701
301, 3,8760846335496
302, 3,8696211191519
303, 3,8631364625765
304, 3,8566314675237
305, 3,8501069193094
306, 3,8435635852718
307, 3,8370022151676
308, 3,8304235415606
309, 3,8238282802016
310, 3,8172171303993
311, 3,8105907753838
312, 3,8039498826619
313, 3,797295104364
314, 3,7906270775844
315, 3,7839464247129
316, 3,7772537537605
317, 3,7705496586765
318, 3,7638347196596
319, 3,7571095034619
320, 3,750374563686
321, 3,7436304410758
322, 3,7368776638009
323, 3,7301167477343
324, 3,7233481967249
325, 3,7165725028628
326, 3,7097901467402
327, 3,7030015977048
328, 3,6962073141095
329, 3,6894077435549
330, 3,6826033231281
331, 3,6757944796343
332, 3,6689816298256
333, 3,6621651806226
334, 3,6553455293326
335, 3,6485230638622
336, 3,6416981629256
337, 3,6348711962484
338, 3,6280425247664
339, 3,6212125008204
340, 3,614381468347
341, 3,6075497630643
342, 3,6007177126546
343, 3,5938856369421
344, 3,5870538480676
345, 3,5802226506584
346, 3,5733923419952
347, 3,5665632121752
348, 3,5597355442711
349, 3,5529096144874
350, 3,5460856923125
351, 3,5392640406679
352, 3,5324449160542
353, 3,5256285686934
354, 3,5188152426684
355, 3,5120051760596
356, 3,5051986010779
357, 3,4983957441957
358, 3,4915968262739
359, 3,4848020626868
360, 3,4780116634445
361, 3,4712258333116
362, 3,4644447719244
363, 3,4576686739049
364, 3,4508977289722
365, 3,4441321220518
366, 3,4373720333826
367, 3,4306176386208
368, 3,4238691089423
369, 3,4171266111426
370, 3,4103903077343
371, 3,4036603570427
372, 3,396936913299
373, 3,3902201267319
374, 3,3835101436569
375, 3,3768071065634
376, 3,3701111542004
377, 3,3634224216599
378, 3,3567410404586
379, 3,3500671386181
380, 3,3434008407426
381, 3,3367422680956
382, 3,3300915386747
383, 3,3234487672844
384, 3,316814065608
385, 3,3101875422772
386, 3,3035693029403
387, 3,2969594503296
388, 3,2903580843266
389, 3,2837653020255
390, 3,2771811977963
391, 3,2706058633458
392, 3,2640393877771
393, 3,2574818576487
394, 3,2509333570312
395, 3,2443939675632
396, 3,2378637685065
397, 3,2313428367993
398, 3,2248312471083
399, 3,2183290718803
400, 3,2118363813919
401, 3,2053532437988
402, 3,1988797251833
403, 3,1924158896012
404, 3,1859617991278
405, 3,1795175139022
406, 3,1730830921716
407, 3,1666585903338
408, 3,160244062979
409, 3,1538395629312
410, 3,1474451412874
411, 3,1410608474578
412, 3,1346867292032
413, 3,1283228326728
414, 3,121969202441
415, 3,115625881543
416, 3,1092929115097
417, 3,1029703324022
418, 3,0966581828452
419, 3,0903565000598
420, 3,0840653198953
421, 3,0777846768608
422, 3,0715146041559
423, 3,0652551337001
424, 3,0590062961627
425, 3,0527681209914
426, 3,0465406364398
427, 3,0403238695954
428, 3,0341178464059
429, 3,0279225917059
430, 3,0217381292419
431, 3,015564481698
432, 3,00940167072
433, 3,0032497169393
434, 2,9971086399969
435, 2,9909784585654
436, 2,9848591903722
437, 2,978750852221
438, 2,9726534600135
439, 2,9665670287701
440, 2,9604915726504
441, 2,9544271049733
442, 2,9483736382369
443, 2,942331184137
444, 2,9362997535865
445, 2,9302793567332
446, 2,9242700029782
447, 2,9182717009928
448, 2,9122844587363
449, 2,9063082834724
450, 2,9003431817856
451, 2,8943891595971
452, 2,8884462221808
453, 2,8825143741784
454, 2,8765936196143
455, 2,8706839619105
456, 2,8647854039007
457, 2,8588979478444
458, 2,8530215954405
459, 2,8471563478409
460, 2,8413022056634
461, 2,8354591690044
462, 2,829627237452
463, 2,8238064100973
464, 2,8179966855473
465, 2,8121980619361
466, 2,8064105369364
467, 2,8006341077707
468, 2,7948687712223
469, 2,7891145236462
470, 2,783371360979
471, 2,7776392787497
472, 2,7719182720894
473, 2,7662083357413
474, 2,7605094640699
475, 2,7548216510707
476, 2,7491448903792
477, 2,7434791752799
478, 2,7378244987149
479, 2,7321808532927
480, 2,7265482312963
481, 2,7209266246914
482, 2,7153160251346
483, 2,709716423981
484, 2,704127812292
485, 2,6985501808426
486, 2,6929835201287
487, 2,6874278203744
488, 2,681883071539
489, 2,6763492633236
490, 2,6708263851778
491, 2,6653144263064
492, 2,6598133756758
493, 2,6543232220201
494, 2,6488439538469
495, 2,6433755594439
496, 2,6379180268844
497, 2,6324713440328
498, 2,6270354985505
499, 2,6216104779011
500, 2,616196269356
501, 2,6107928599994
502, 2,6054002367332
503, 2,6000183862824
504, 2,5946472951997
505, 2,5892869498703
506, 2,5839373365166
507, 2,5785984412026
508, 2,5732702498384
509, 2,5679527481847
510, 2,5626459218569
511, 2,5573497563292
512, 2,5520642369386
513, 2,5467893488892
514, 2,5415250772557
515, 2,5362714069874
516, 2,5310283229118
517, 2,5257958097383
518, 2,5205738520617
519, 2,5153624343654
520, 2,5101615410255
521, 2,5049711563132
522, 2,4997912643985
523, 2,4946218493537
524, 2,4894628951556
525, 2,4843143856892
526, 2,4791763047506
527, 2,4740486360494
528, 2,4689313632123
529, 2,4638244697848
530, 2,4587279392351
531, 2,4536417549557
532, 2,4485659002664
533, 2,4435003584169
534, 2,4384451125891
535, 2,4334001458996
536, 2,4283654414018
537, 2,4233409820884
538, 2,4183267508938
539, 2,4133227306957
540, 2,4083289043179
541, 2,403345254532
541,67239229701 2,3999999999605
541,67239229701 2,3999999999605
541,67339229701 2,3999950286063
542, 2,3984125239051
543, 2,3940723909405
544, 2,3904797534283
545, 2,3876168141855
546, 2,3854661703911
547, 2,3840108049037
548, 2,3832340777702
549, 2,3831197179212
550, 2,3836518150498
551, 2,3848148116682
552, 2,3865934953397
553, 2,388972991081
554, 2,3919387539327
555, 2,395476561692
556, 2,3995725078064
557, 2,4042129944231
558, 2,4093847255915
559, 2,4150747006153
560, 2,4212702075511
561, 2,4279588168495
562, 2,4351283751367
563, 2,4427669991322
564, 2,4508630697016
565, 2,4594052260387
566, 2,4683823599766
567, 2,4777836104241
568, 2,4875983579235
569, 2,4978162193293
570, 2,5084270426033
571, 2,5194209017245
572, 2,5307880917107
573, 2,5425191237503
574, 2,5546047204402
575, 2,5670358111296
576, 2,5798035273653
577, 2,5928991984379
578, 2,6063143470256
579, 2,6200406849342
580, 2,6340701089302
581, 2,6483946966664
582, 2,6630067026966
583, 2,6778985545784
584, 2,6930628490611
585, 2,7084923483582
586, 2,7241799765014
587, 2,7401188157755
588, 2,7563021032306
589, 2,7727232272725
590, 2,7893757243265
591, 2,8062532755766
592, 2,8233497037741
593, 2,8406589701186
594, 2,8581751712062
595, 2,8758925360457
596, 2,8938054231397
597, 2,9119083176306
598, 2,9301958285091
599, 2,9486626858841
600, 2,9673037383128
601, 2,9861139501895
602, 3,0050883991918
603, 3,0242222737831
604, 3,04351087077
605, 3,0629495929134
606, 3,0825339465924
607, 3,1022595395192
608, 3,1221220785047
609, 3,1421173672731
610, 3,1622413043244
611, 3,1824898808445
612, 3,2028591786605
613, 3,2233453682415
614, 3,2439447067437
615, 3,2646535360975
616, 3,285468281138
617, 3,3063854477754
618, 3,3274016212064
619, 3,3485134641651
620, 3,3697177152117
621, 3,3910111870593
622, 3,4123907649378
623, 3,433853404993
624, 3,4553961327218
625, 3,4770160414413
626, 3,4987102907917
627, 3,5204761052723
628, 3,5423107728093
629, 3,5642116433559
630, 3,5861761275226
630,62794580869 3,6000000129318
630,62794580869 3,6000000129318
630,62894580869 3,600022045887
631, 3,6081491443079
632, 3,6295769513293
633, 3,6503243824052
634, 3,6704068397211
635, 3,689839385697
636, 3,7086367504644
637, 3,726813339179
638, 3,7443832391724
639, 3,7613602269464
640, 3,7777577750137
641, 3,7935890585877
642, 3,8088669621256
643, 3,823604085727
644, 3,8378127513919
645, 3,8515050091412
646, 3,8646926430027
647, 3,8773871768646
648, 3,8895998802009
649, 3,9013417736709
650, 3,9126236345951
651, 3,9234560023104
652, 3,9338491834086
653, 3,9438132568583
654, 3,9533580790148
655, 3,96249328852
656, 3,9712283110936
657, 3,97957236422
658, 3,9875344617312
659, 3,9951234182893
660, 4,0023478537702
661, 4,009216197551
662, 4,0157366927029
663, 4,0219174000921
664, 4,02776620239
665, 4,0332908079958
666, 4,0384987548723
667, 4,0433974142973
668, 4,047993994533
669, 4,052295544414
670, 4,0563089568569
671, 4,060040972292
672, 4,0634981820205
673, 4,0666870314967
674, 4,0696138235389
675, 4,0722847214693
676, 4,0747057521845
677, 4,0768828091591
678, 4,0788216553826
679, 4,0805279262322
680, 4,0820071322819
681, 4,0832646620499
682, 4,0843057846864
683, 4,0851356526005
684, 4,0857593040313
685, 4,0861816655607
686, 4,0864075545722
687, 4,0864416816549
688, 4,0862886529548
689, 4,0859529724742
690, 4,0854390443209
691, 4,0847511749076
692, 4,0838935751029
693, 4,0828703623351
694, 4,0816855626495
695, 4,080343112721
696, 4,0788468618215
697, 4,077200573745
698, 4,0754079286893
699, 4,0734725250975
700, 4,0713978814578
701, 4,0691874380646
702, 4,0668445587402
703, 4,0643725325192
704, 4,0617745752954
705, 4,0590538314323
706, 4,0562133753391
707, 4,0532562130109
708, 4,0501852835357
709, 4,0470034605679
710, 4,0437135537698
711, 4,0403183102208
712, 4,036820415796
713, 4,0332224965144
714, 4,0295271198573
715, 4,0257367960581
716, 4,0218539793627
717, 4,0178810692638
718, 4,0138204117064
719, 4,0096743002677
720, 4,0054449773108
721, 4,0011346351134
722, 3,9967454169706
723, 3,9922794182748
724, 3,9877386875706
725, 3,9831252275875
726, 3,9784409962493
727, 3,9736879076615
728, 3,9688678330765
729, 3,9639826018386
730, 3,9590340023069
731, 3,9540237827591
732, 3,9489536522746
733, 3,9438252815984
734, 3,9386403039862
735, 3,9334003160305
736, 3,928106878469
737, 3,9227615169748
738, 3,9173657229294
739, 3,9119209541788
740, 3,9064286357724
741, 3,9008901606867
742, 3,8953068905318
743, 3,8896801562436
744, 3,8840112587596
745, 3,8783014696807
746, 3,8725520319182
747, 3,8667641603261
748, 3,8609390423204
749, 3,8550778384837
750, 3,8491816831576
751, 3,8432516850208
752, 3,8372889276559
753, 3,8312944701026
754, 3,8252693473993
755, 3,8192145711123
756, 3,8131311298542
757, 3,8070199897897
758, 3,8008820951317
759, 3,794718368625
760, 3,7885297120204
761, 3,782317006538
762, 3,7760811133205
763, 3,769822873876
764, 3,7635431105116
765, 3,7572426267572
766, 3,7509222077803
767, 3,7445826207912
768, 3,7382246154393
769, 3,7318489242013
770, 3,7254562627602
771, 3,7190473303762
772, 3,7126228102493
773, 3,7061833698743
774, 3,6997296613877
775, 3,6932623219068
776, 3,6867819738616
777, 3,6802892253194
778, 3,6737846703024
779, 3,6672688890974
780, 3,6607424485602
781, 3,654205902412
782, 3,6476597915297
783, 3,6411046442303
784, 3,634540976548
785, 3,6279692925063
786, 3,6213900843835
787, 3,6148038329723
788, 3,608211007834
789, 3,6016120675468
790, 3,5950074599491
791, 3,5883976223768
792, 3,581782981896
793, 3,5751639555301
794, 3,568540950482
795, 3,561914364352
796, 3,5552845853497
797, 3,5486519925024
798, 3,5420169558586
799, 3,5353798366862
800, 3,5287409876678
801, 3,5221007530902
802, 3,5154594690311
803, 3,5088174635405
804, 3,5021750568188
805, 3,495532561391
806, 3,4888902822766
807, 3,4822485171562
808, 3,4756075565343
809, 3,4689676838981
810, 3,4623291758739
811, 3,4556923023787
812, 3,4490573267693
813, 3,4424245059881
814, 3,4357940907052
815, 3,4291663254581
816, 3,4225414487875
817, 3,4159196933705
818, 3,4093012861514
819, 3,4026864484685
820, 3,3960753961791
821, 3,3894683397812
822, 3,3828654845326
823, 3,3762670305676
824, 3,369673173011
825, 3,3630841020895
826, 3,3565000032406
827, 3,3499210572194
828, 3,3433474402029
829, 3,3367793238918
830, 3,3302168756103
831, 3,3236602584036
832, 3,3171096311335
833, 3,3105651485714
834, 3,3040269614895
835, 3,2974952167503
836, 3,2909700573936
837, 3,2844516227221
838, 3,2779400483843
839, 3,271435466457
840, 3,264938005524
841, 3,2584477907553
842, 3,2519649439825
843, 3,2454895837739
844, 3,2390218255076
845, 3,2325617814425
846, 3,2261095607886
847, 3,2196652697748
848, 3,213229011716
849, 3,2068008870786
850, 3,2003809935436
851, 3,19396942607
852, 3,1875662769553
853, 3,1811716358952
854, 3,1747855900426
855, 3,168408224064
856, 3,1620396201959
857, 3,1556798582993
858, 3,1493290159128
859, 3,1429871683055
860, 3,1366543885277
861, 3,1303307474609
862, 3,1240163138666
863, 3,1177111544345
864, 3,1114153338287
865, 3,105128914734
866, 3,0988519579001
867, 3,0925845221854
868, 3,0863266646002
869, 3,0800784403481
870, 3,0738399028668
871, 3,0676111038684
872, 3,0613920933785
873, 3,0551829197742
874, 3,0489836298217
875, 3,0427942687128
876, 3,0366148801005
877, 3,0304455061346
878, 3,0242861874949
879, 3,0181369634257
880, 3,0119978717677
881, 3,0058689489907
882, 2,9997502302241
883, 2,9936417492881
884, 2,9875435387235
885, 2,9814556298208
886, 2,9753780526489
887, 2,9693108360832
888, 2,9632540078326
889, 2,9572075944667
890, 2,9511716214418
891, 2,9451461131265
892, 2,9391310928263
893, 2,9331265828091
894, 2,9271326043279
895, 2,9211491776452
896, 2,9151763220553
897, 2,9092140559069
898, 2,903262396625
899, 2,8973213607321
900, 2,8913909638695
901, 2,8854712208174
902, 2,8795621455151
903, 2,8736637510805
904, 2,8677760498292
905, 2,8618990532936
906, 2,8560327722404
907, 2,8501772166894
908, 2,8443323959304
909, 2,8384983185405
910, 2,8326749924007
911, 2,8268624247126
912, 2,8210606220142
913, 2,8152695901953
914, 2,8094893345133
915, 2,8037198596077
916, 2,797961169515
917, 2,792213267683
918, 2,7864761569848
919, 2,780749839732
920, 2,7750343176891
921, 2,7693295920854
922, 2,7636356636286
923, 2,7579525325172
924, 2,7522801984524
925, 2,7466186606502
926, 2,7409679178533
927, 2,7353279683423
928, 2,729698809947
929, 2,7240804400572
930, 2,7184728556336
931, 2,7128760532179
932, 2,7072900289436
933, 2,7017147785454
934, 2,6961502973692
935, 2,6905965803818
936, 2,68505362218
937, 2,6795214169999
938, 2,6739999587257
939, 2,6684892408987
940, 2,6629892567255
941, 2,6574999990863
942, 2,6520214605437
943, 2,64655363335
944, 2,641096509455
945, 2,6356500805144
946, 2,6302143378963
947, 2,624789272689
948, 2,6193748757083
949, 2,613971137504
950, 2,6085780483669
951, 2,6031955983358
952, 2,5978237772034
953, 2,5924625745232
954, 2,5871119796154
955, 2,5817719815733
956, 2,5764425692688
957, 2,5711237313587
958, 2,5658154562902
959, 2,5605177323063
960, 2,5552305474515
961, 2,5499538895768
962, 2,5446877463455
963, 2,5394321052375
964, 2,5341869535548
965, 2,5289522784262
966, 2,523728066812
967, 2,5185143055089
968, 2,513310981154
969, 2,50811808023
970, 2,5029355890687
971, 2,4977634938558
972, 2,492601780635
973, 2,4874504353118
974, 2,4823094436578
975, 2,477178791314
976, 2,4720584637954
977, 2,466948446494
978, 2,4618487246827
979, 2,4567592835188
980, 2,4516801080475
981, 2,4466111832053
982, 2,4415524938231
983, 2,4365040246297
984, 2,4314657602547
985, 2,4264376852316
986, 2,4214197840013
987, 2,4164120409143
988, 2,411414440234
989, 2,4064269661395
990, 2,4014496027283
990,29162124681 2,3999999996736
990,29162124681 2,3999999996736
990,29262124681 2,3999950306892
991, 2,3966723179485
992, 2,3926212344332
993, 2,3893107671906
994, 2,3867232714659
995, 2,3848414935102
996, 2,3836485619723
997, 2,3831279794795
998, 2,3832636144037
999, 2,384039692809
1000, 2,3854407905762
